evaluation:
  pid:
    kd: 0.9654893846056296
    ki: 0.0
    kp: 1.7320508075688774
